# Radians
rest_joint_states: [ 0.8035160310750852, -0.7156208409787277, -2.0655278430537782, -1.7386596335370903,
             -0.6953420909469508, 1.122741927446791, -1.0410503921933767 ]
# All Dimensions in mm
rcm:
  x: .0
  y: -500
  z: 300

  r: 5
  t: 2

tool:
  r: 4
  L: 150
  l1: 70
  l2: 120
