id: 'long_tool_1'

# Radians
rest_joint_states: [ 0.7726872268315519, -0.6656986065791066, -2.015488436166167, -1.701476031585412,
                     -0.6423591296788473, 1.1961935202982132, -1.0756244050470336 ]
# All Dimensions in mm
rcm:
  x: 0.0
  y: -500.0
  z: 300.0

  r: 5.0
  t: 2.0

tool:
  r: 4.0
  L: 350.0
  l1: 250.0
  l2: 300.0
