id: 'check_space'
n_inner: 0
seed: 32

# Radians
rest_joint_states: [ 0.7162626756840117, -0.5524013823462447, -1.9096940344152922, -1.5458978205850986,
                     -0.5245201956137145, 1.4169912713120734, -1.1587178619516314 ]
# All Dimensions in mm
rcm:
  x: 0.0
  y: -500.0
  z: 300.0

  r: 6.0

tool:
  r: 2.0
  L: 350.0
  l1: 320.0
  l2: 340.0
