id: 'expanded_1'
n_inner: 100
max_n_inner: 1000
seed: 32

# Radians
rest_joint_states: [ 2.3005062175827233, -0.5661623901750942, -1.9136323678236027, -1.5301894531915992,
                     -0.5359372520630706, 1.424373661460526, 0.416041899682815 ]

# All Dimensions in mm
rcm:
  x: 500.0
  y: 0.0
  z: 300.0

  r: 6.0

tool:
  r: 2.0
  L: 350.0
  l1: 320.0
  l2: 340.0
